1009 4339 7669
1093 4423 7753
1163 4493 7823
1193 4523 7853
1217 4547 7877
1291 4621 7951
1399 4729 8059
1429 4759 8089
1487 4817 8147
1531 4861 8191
1559 4889 8219
1613 4943 8273
1627 4957 8287
1637 4967 8297
1657 4987 8317
1669 4999 8329
1693 5023 8353
1709 5039 8369
1783 5113 8443
1867 5197 8527
1879 5209 8539
1949 5279 8609
2003 5333 8663
2017 5347 8677
2087 5417 8747
2309 5639 8969
2311 5641 8971
2339 5669 8999
2381 5711 9041
2477 5807 9137
2521 5851 9181
2539 5869 9199
2549 5879 9209
2677 6007 9337
2749 6079 2749
2801 6131 9461
2887 6217 9547
2927 6257 9587
2969 6299 2969
2969 6299 9629
2971 6301 2971
2971 6301 9631
2999 6329 2999
3023 6353 3023
3037 6367 3037
3037 6367 9697
3049 6379 3049
3067 6397 3067
3119 6449 3119
3121 6451 3121
3121 6451 9781
3191 6521 3191
3191 6521 9851
3217 6547 3217
3221 6551 3221
3251 6581 3251
3307 6637 3307
3307 6637 9967
3323 6653 3323
3329 6659 3329
3331 6661 3331
3343 6673 3343
3359 6689 3359
3361 6691 3361
3371 6701 3371
3373 6703 3373
3389 6719 3389
3407 6737 3407
3433 6763 3433
3449 6779 3449
3461 6791 3461
3463 6793 3463
3499 6829 3499
3511 6841 3511
3527 6857 3527
3533 6863 3533
3539 6869 3539
3541 6871 3541
3581 6911 3581
3617 6947 3617
3631 6961 3631
3637 6967 3637
3671 7001 3671
3697 7027 3697
3709 7039 3709
3727 7057 3727
3739 7069 3739
3779 7109 3779
3797 7127 3797
3821 7151 3821
3847 7177 3847
3863 7193 3863
3877 7207 3877
3881 7211 3881
3889 7219 3889
3907 7237 3907
3917 7247 3917
3923 7253 3923
3967 7297 3967
4001 7331 4001
4003 7333 4003
4019 7349 4019
4021 7351 4021
4127 7457 4127
4129 7459 4129
4157 7487 4157
4159 7489 4159
4177 7507 4177
4211 7541 4211
4217 7547 4217
4219 7549 4219
4229 7559 4229
4231 7561 4231
4243 7573 4243
4253 7583 4253
4259 7589 4259
4261 7591 4261
4273 7603 4273
4339 1009 4339
4339 7669 4339
4349 1019 4349
4357 7687 4357
4363 1033 4363
4373 7703 4373
4391 1061 4391
4397 7727 4397
4421 1091 4421
4423 1093 4423
4423 7753 4423
4447 1117 4447
4463 7793 4463
4481 1151 4481
4483 1153 4483
4493 1163 4493
4493 7823 4493
4517 1187 4517
4523 1193 4523
4523 7853 4523
4547 1217 4547
4547 7877 4547
4549 7879 4549
4561 1231 4561
4567 1237 4567
4597 7927 4597
4603 7933 4603
4621 1291 4621
4621 7951 4621
4637 1307 4637
4649 1319 4649
4651 1321 4651
4657 1327 4657
4663 7993 4663
4679 8009 4679
4691 1361 4691
4703 1373 4703
4723 8053 4723
4729 1399 4729
4729 8059 4729
4751 8081 4751
4759 1429 4759
4759 8089 4759
4783 1453 4783
4787 8117 4787
4789 1459 4789
4793 8123 4793
4801 1471 4801
4813 1483 4813
4817 1487 4817
4817 8147 4817
4831 8161 4831
4861 1531 4861
4861 8191 4861
4889 1559 4889
4889 8219 4889
4903 8233 4903
4909 1579 4909
4931 1601 4931
4933 8263 4933
4937 1607 4937
4943 1613 4943
4943 8273 4943
4951 1621 4951
4957 1627 4957
4957 8287 4957
4967 1637 4967
4967 8297 4967
4987 1657 4987
4987 8317 4987
4993 1663 4993
4999 1669 4999
4999 8329 4999
5023 1693 5023
5023 8353 5023
5039 1709 5039
5039 8369 5039
5051 1721 5051
5059 8389 5059
5077 1747 5077
5099 8429 5099
5101 8431 5101
5107 1777 5107
5113 1783 5113
5113 8443 5113
5119 1789 5119
5153 1823 5153
5171 8501 5171
5197 1867 5197
5197 8527 5197
5209 1879 5209
5209 8539 5209
5231 1901 5231
5233 8563 5233
5237 1907 5237
5261 1931 5261
5279 1949 5279
5279 8609 5279
5281 1951 5281
5297 8627 5297
5303 1973 5303
5309 1979 5309
5323 1993 5323
5333 2003 5333
5333 8663 5333
5347 2017 5347
5347 8677 5347
5351 8681 5351
5393 2063 5393
5399 2069 5399
5407 8737 5407
5413 2083 5413
5417 2087 5417
5417 8747 5417
5419 2089 5419
5431 8761 5431
5441 2111 5441
5443 2113 5443
5449 8779 5449
5471 2141 5471
5477 8807 5477
5483 2153 5483
5501 8831 5501
5507 8837 5507
5519 8849 5519
5531 8861 5531
5557 8887 5557
5563 8893 5563
5569 2239 5569
5573 2243 5573
5581 2251 5581
5623 2293 5623
5639 2309 5639
5639 8969 5639
5641 2311 5641
5641 8971 5641
5669 2339 5669
5669 8999 5669
5683 9013 5683
5701 2371 5701
5711 2381 5711
5711 9041 5711
5737 9067 5737
5741 2411 5741
5779 9109 5779
5807 2477 5807
5807 9137 5807
5821 9151 5821
5827 9157 5827
5843 9173 5843
5851 2521 5851
5851 9181 5851
5857 9187 5857
5861 2531 5861
5869 2539 5869
5869 9199 5869
5879 2549 5879
5879 9209 5879
5881 2551 5881
5897 9227 5897
5923 2593 5923
5927 9257 5927
5939 2609 5939
5953 9283 5953
5981 9311 5981
5987 2657 5987
6007 2677 6007
6007 9337 6007
6011 9341 6011
6029 2699 6029
6037 2707 6037
6043 2713 6043
6047 9377 6047
6067 9397 6067
6073 9403 6073
6079 2749 6079
6089 9419 6089
6091 9421 6091
6101 9431 6101
6121 2791 6121
6131 2801 6131
6131 9461 6131
6133 2803 6133
6133 9463 6133
6143 9473 6143
6163 2833 6163
6173 2843 6173
6203 9533 6203
6217 2887 6217
6217 9547 6217
6221 9551 6221
6247 2917 6247
6257 2927 6257
6257 9587 6257
6269 2939 6269
6271 9601 6271
6287 2957 6287
6299 2969 6299
6299 9629 6299
6301 2971 6301
6301 9631 6301
6329 2999 6329
6353 3023 6353
6359 9689 6359
6367 3037 6367
6367 9697 6367
6379 3049 6379
6389 9719 6389
6397 3067 6397
6449 3119 6449
6451 3121 6451
6451 9781 6451
6473 9803 6473
6481 9811 6481
6521 3191 6521
6521 9851 6521
6529 9859 6529
6547 3217 6547
6551 3221 6551
6553 9883 6553
6571 9901 6571
6577 9907 6577
6581 3251 6581
6599 9929 6599
6619 9949 6619
6637 3307 6637
6637 9967 6637
6653 3323 6653
6659 3329 6659
6661 3331 6661
6673 3343 6673
6689 3359 6689
6691 3361 6691
6701 3371 6701
6703 3373 6703
6719 3389 6719
6737 3407 6737
6763 3433 6763
6779 3449 6779
6791 3461 6791
6793 3463 6793
6829 3499 6829
6841 3511 6841
6857 3527 6857
6863 3533 6863
6869 3539 6869
6871 3541 6871
6911 3581 6911
6947 3617 6947
6961 3631 6961
6967 3637 6967
7001 3671 7001
7027 3697 7027
7039 3709 7039
7057 3727 7057
7069 3739 7069
7109 3779 7109
7127 3797 7127
7151 3821 7151
7177 3847 7177
7193 3863 7193
7207 3877 7207
7211 3881 7211
7219 3889 7219
7237 3907 7237
7247 3917 7247
7253 3923 7253
7297 3967 7297
7331 4001 7331
7333 4003 7333
7349 4019 7349
7351 4021 7351
7457 4127 7457
7459 4129 7459
7487 4157 7487
7489 4159 7489
7507 4177 7507
7541 4211 7541
7547 4217 7547
7549 4219 7549
7559 4229 7559
7561 4231 7561
7573 4243 7573
7583 4253 7583
7589 4259 7589
7591 4261 7591
7603 4273 7603
7669 4339 1009
7669 4339 7669
7687 4357 7687
7703 4373 7703
7727 4397 7727
7753 4423 1093
7753 4423 7753
7793 4463 7793
7823 4493 1163
7823 4493 7823
7853 4523 1193
7853 4523 7853
7877 4547 1217
7877 4547 7877
7879 4549 7879
7927 4597 7927
7933 4603 7933
7951 4621 1291
7951 4621 7951
7993 4663 7993
8009 4679 8009
8053 4723 8053
8059 4729 1399
8059 4729 8059
8081 4751 8081
8089 4759 1429
8089 4759 8089
8117 4787 8117
8123 4793 8123
8147 4817 1487
8147 4817 8147
8161 4831 8161
8191 4861 1531
8191 4861 8191
8219 4889 1559
8219 4889 8219
8233 4903 8233
8263 4933 8263
8273 4943 1613
8273 4943 8273
8287 4957 1627
8287 4957 8287
8297 4967 1637
8297 4967 8297
8317 4987 1657
8317 4987 8317
8329 4999 1669
8329 4999 8329
8353 5023 1693
8353 5023 8353
8369 5039 1709
8369 5039 8369
8389 5059 8389
8429 5099 8429
8431 5101 8431
8443 5113 1783
8443 5113 8443
8501 5171 8501
8527 5197 1867
8527 5197 8527
8539 5209 1879
8539 5209 8539
8563 5233 8563
8609 5279 1949
8609 5279 8609
8627 5297 8627
8663 5333 2003
8663 5333 8663
8677 5347 2017
8677 5347 8677
8681 5351 8681
8737 5407 8737
8747 5417 2087
8747 5417 8747
8761 5431 8761
8779 5449 8779
8807 5477 8807
8831 5501 8831
8837 5507 8837
8849 5519 8849
8861 5531 8861
8887 5557 8887
8893 5563 8893
8969 5639 2309
8969 5639 8969
8971 5641 2311
8971 5641 8971
8999 5669 2339
8999 5669 8999
9013 5683 9013
9041 5711 2381
9041 5711 9041
9067 5737 9067
9109 5779 9109
9137 5807 2477
9137 5807 9137
9151 5821 9151
9157 5827 9157
9173 5843 9173
9181 5851 2521
9181 5851 9181
9187 5857 9187
9199 5869 2539
9199 5869 9199
9209 5879 2549
9209 5879 9209
9227 5897 9227
9257 5927 9257
9283 5953 9283
9311 5981 9311
9337 6007 2677
9337 6007 9337
9341 6011 9341
9377 6047 9377
9397 6067 9397
9403 6073 9403
9419 6089 9419
9421 6091 9421
9431 6101 9431
9461 6131 2801
9461 6131 9461
9463 6133 2803
9463 6133 9463
9473 6143 9473
9533 6203 9533
9547 6217 2887
9547 6217 9547
9551 6221 9551
9587 6257 2927
9587 6257 9587
9601 6271 9601
9629 6299 2969
9629 6299 9629
9631 6301 2971
9631 6301 9631
9689 6359 9689
9697 6367 3037
9697 6367 9697
9719 6389 9719
9781 6451 3121
9781 6451 9781
9803 6473 9803
9811 6481 9811
9851 6521 3191
9851 6521 9851
9859 6529 9859
9883 6553 9883
9901 6571 9901
9907 6577 9907
9929 6599 9929
9949 6619 9949
9967 6637 3307
9967 6637 9967
