1009 4339 7669
1093 4423 7753
1163 4493 7823
1193 4523 7853
1217 4547 7877
1291 4621 7951
1399 4729 8059
1429 4759 8089
1487 4817 8147
1531 4861 8191
1559 4889 8219
1613 4943 8273
1627 4957 8287
1637 4967 8297
1657 4987 8317
1669 4999 8329
1693 5023 8353
1709 5039 8369
1783 5113 8443
1867 5197 8527
1879 5209 8539
1949 5279 8609
2003 5333 8663
2017 5347 8677
2087 5417 8747
2309 5639 8969
2311 5641 8971
2339 5669 8999
2381 5711 9041
2477 5807 9137
2521 5851 9181
2539 5869 9199
2549 5879 9209
2677 6007 9337
2801 6131 9461
2803 6133 9463
2887 6217 9547
2927 6257 9587
2969 6299 9629
2971 6301 9631
3037 6367 9697
3121 6451 9781
3191 6521 9851
3307 6637 9967
7669 4339 1009
7753 4423 1093
7823 4493 1163
7853 4523 1193
7877 4547 1217
7951 4621 1291
8059 4729 1399
8089 4759 1429
8147 4817 1487
8191 4861 1531
8219 4889 1559
8273 4943 1613
8287 4957 1627
8297 4967 1637
8317 4987 1657
8329 4999 1669
8353 5023 1693
8369 5039 1709
8443 5113 1783
8527 5197 1867
8539 5209 1879
8609 5279 1949
8663 5333 2003
8677 5347 2017
8747 5417 2087
8969 5639 2309
8971 5641 2311
8999 5669 2339
9041 5711 2381
9137 5807 2477
9181 5851 2521
9199 5869 2539
9209 5879 2549
9337 6007 2677
9461 6131 2801
9463 6133 2803
9547 6217 2887
9587 6257 2927
9629 6299 2969
9631 6301 2971
9697 6367 3037
9781 6451 3121
9851 6521 3191
9967 6637 3307
